120 114 162 153 1 0.884302 
15 115 66 166 1 0.815046 
196 49 216 71 1 0.804904 
58 124 112 160 1 0.743933 
168 195 233 241 1 0.739375 
-1 144 31 195 1 0.728478 
23 174 84 237 1 0.678531 
153 90 190 127 1 0.653449 
86 93 115 119 1 0.589787 
199 120 240 200 1 0.58762 
56 144 116 202 1 0.583092 
125 80 159 113 1 0.579463 
214 53 237 80 1 0.55996 
83 185 162 240 1 0.517115 
41 92 77 115 1 0.50762 
181 108 221 146 1 0.46698 
70 73 106 100 1 0.453337 
54 102 88 128 1 0.431563 
131 50 158 71 1 0.342833 
150 130 196 177 1 0.322071 
101 106 133 134 1 0.309334 
