91 38 104 63 1 0.841944 
176 12 189 36 1 0.824105 
193 218 206 239 1 0.799277 
148 5 160 26 1 0.7982 
1 182 12 212 1 0.79297 
199 180 214 214 1 0.788515 
14 187 34 222 1 0.783433 
47 58 61 85 1 0.783002 
167 168 180 199 1 0.777151 
116 74 130 103 1 0.775235 
217 193 231 222 1 0.774468 
185 177 199 205 1 0.759037 
219 103 231 125 1 0.747562 
84 69 98 92 1 0.738218 
167 89 180 112 1 0.722376 
183 95 195 116 1 0.71865 
30 127 60 147 1 0.718055 
202 97 215 123 1 0.717432 
107 42 121 67 1 0.712059 
1 113 22 136 1 0.695145 
83 200 100 232 1 0.693174 
66 63 80 88 1 0.692576 
164 6 175 24 1 0.685181 
151 85 166 111 1 0.682694 
208 24 220 46 1 0.676898 
144 143 168 161 1 0.674446 
175 63 187 87 1 0.664197 
8 53 24 78 1 0.642136 
42 26 56 49 1 0.636477 
124 49 139 75 1 0.631878 
192 17 203 40 1 0.619825 
159 58 172 80 1 0.615137 
189 65 202 91 1 0.604423 
1 22 15 48 1 0.594272 
209 223 225 240 1 0.591668 
58 30 74 54 1 0.583885 
119 0 130 16 1 0.582143 
131 2 144 22 1 0.579963 
123 212 138 239 1 0.57243 
142 54 157 77 1 0.561584 
0 50 9 74 1 0.5561 
101 71 112 94 1 0.552794 
46 193 62 226 1 0.541261 
103 205 122 236 1 0.515963 
105 0 119 13 1 0.505154 
148 164 164 190 1 0.503518 
29 55 44 78 1 0.49506 
17 25 33 50 1 0.485247 
233 198 240 224 1 0.463087 
65 195 82 228 1 0.443368 
134 80 148 104 1 0.440017 
222 24 235 49 1 0.432459 
84 0 99 6 1 0.347589 
