92 152 102 172 1 0.808082 
149 165 158 183 1 0.747912 
91 109 100 126 1 0.742351 
137 160 147 181 1 0.73283 
200 131 211 149 1 0.732233 
121 112 130 131 1 0.727762 
228 135 239 155 1 0.712745 
161 121 170 141 1 0.704197 
178 171 188 191 1 0.694841 
218 183 229 201 1 0.691378 
81 106 90 124 1 0.629184 
141 116 149 134 1 0.622119 
12 88 22 107 1 0.606497 
197 176 208 196 1 0.554625 
169 169 178 184 1 0.531521 
101 111 110 126 1 0.521784 
107 157 118 174 1 0.518633 
62 128 73 144 1 0.494209 
149 118 160 135 1 0.494201 
77 150 86 167 1 0.447621 
177 123 187 143 1 0.424082 
