282 256 337 352 1 0.907045 
132 249 204 348 1 0.88179 
432 252 482 350 1 0.872096 
11 0 56 58 1 0.870222 
2 254 67 345 1 0.870024 
270 49 350 84 1 0.870002 
216 256 272 349 1 0.85727 
54 10 97 61 1 0.816497 
368 263 414 345 1 0.81165 
191 0 256 26 1 0.80679 
65 256 132 335 1 0.770364 
470 1 501 32 1 0.762627 
275 84 349 120 1 0.746836 
477 41 511 108 1 0.741684 
166 113 249 153 1 0.728749 
173 148 264 194 1 0.71937 
280 0 355 22 1 0.702666 
271 150 354 195 1 0.613031 
185 48 253 85 1 0.52187 
283 19 357 47 1 0.408453 
166 87 247 119 1 0.395303 
281 119 354 152 1 0.348028 
