122 158 143 169 1 0.776258 
58 184 67 201 1 0.775079 
72 142 82 161 1 0.766861 
17 128 27 146 1 0.752859 
46 60 56 80 1 0.744737 
93 147 102 165 1 0.701077 
40 86 48 105 1 0.698618 
123 147 143 157 1 0.689725 
29 87 39 104 1 0.688801 
109 114 118 131 1 0.668738 
29 132 40 147 1 0.652785 
34 174 44 191 1 0.630213 
53 91 64 107 1 0.607574 
3 169 13 189 1 0.500554 
89 109 100 124 1 0.478345 
5 77 16 97 1 0.467794 
82 146 90 161 1 0.462582 
211 65 221 84 1 0.419803 
45 175 56 193 1 0.404904 
77 193 87 212 1 0.378652 
185 186 194 203 1 0.361681 
-0 120 7 136 1 0.358451 
194 204 203 223 1 0.357895 
8 126 17 140 1 0.357289 
54 138 64 156 1 0.349255 
119 192 137 207 1 0.312314 
