356 270 385 316 1 0.862673 
50 153 83 194 1 0.805315 
360 377 386 420 1 0.78927 
293 115 318 157 1 0.785026 
141 144 178 186 1 0.783039 
94 299 123 332 1 0.771992 
263 283 304 317 1 0.720131 
229 63 258 107 1 0.70847 
154 203 183 239 1 0.707518 
281 176 309 218 1 0.653076 
232 1 262 31 1 0.624563 
76 66 106 104 1 0.618885 
31 222 69 266 1 0.605237 
399 356 423 403 1 0.594241 
269 337 310 373 1 0.562899 
207 214 237 249 1 0.541837 
114 66 144 103 1 0.44916 
153 310 181 344 1 0.428075 
158 362 188 397 1 0.425625 
423 88 447 115 1 0.372701 
