262 25 294 42 1 0.776334 
167 29 194 45 1 0.750085 
229 9 257 26 1 0.748525 
135 19 161 37 1 0.698554 
230 36 264 51 1 0.694827 
208 21 238 36 1 0.673232 
142 105 172 122 1 0.648402 
18 11 50 27 1 0.633812 
277 45 299 59 1 0.631582 
185 2 214 19 1 0.617906 
169 99 199 113 1 0.582077 
120 251 150 292 1 0.567215 
254 71 267 97 1 0.564737 
182 115 208 130 1 0.48984 
70 97 98 112 1 0.485275 
128 41 156 57 1 0.478022 
168 17 198 29 1 0.469189 
197 65 210 89 1 0.445544 
134 0 160 13 1 0.438274 
139 58 155 82 1 0.436008 
280 73 296 105 1 0.42292 
72 59 96 82 1 0.421425 
173 87 197 100 1 0.409067 
73 124 101 144 1 0.398781 
153 57 167 83 1 0.397282 
95 0 130 19 1 0.388937 
177 46 198 59 1 0.380503 
224 68 236 93 1 0.379717 
169 63 183 85 1 0.363091 
