614 131 697 193 1 0.79313 
217 68 279 134 1 0.792071 
711 138 770 189 1 0.780676 
323 30 393 81 1 0.752819 
553 599 614 656 1 0.728443 
542 297 645 358 1 0.707361 
88 149 154 220 1 0.681143 
545 340 614 403 1 0.675915 
527 472 586 521 1 0.624717 
452 539 516 604 1 0.617759 
151 339 247 405 1 0.61681 
319 493 388 547 1 0.61273 
183 429 253 481 1 0.609518 
690 344 775 396 1 0.603004 
657 384 723 439 1 0.600772 
580 488 642 546 1 0.584704 
448 270 478 348 0 0.583082 
261 12 321 61 1 0.564864 
119 377 144 426 0 0.552243 
378 446 498 537 1 0.547869 
319 542 381 596 1 0.525336 
528 508 557 569 0 0.523096 
555 552 620 598 1 0.488047 
426 275 447 337 0 0.479827 
178 -2 235 35 1 0.441282 
335 113 366 169 0 0.373048 
