90 244 136 299 1 0.858131 
153 192 182 228 1 0.76313 
120 311 151 336 1 0.75747 
1 334 45 364 1 0.744497 
208 222 232 242 1 0.731625 
163 299 188 321 1 0.711831 
129 231 154 261 1 0.69064 
72 332 99 359 1 0.679809 
177 254 202 275 1 0.671922 
263 304 296 340 1 0.648261 
325 279 353 310 1 0.59249 
342 62 363 83 1 0.592378 
272 139 296 162 1 0.579646 
227 39 254 62 1 0.5767 
114 145 150 184 1 0.561715 
328 112 350 131 1 0.55857 
164 278 194 298 1 0.546791 
99 347 125 370 1 0.506038 
283 258 321 304 1 0.491021 
308 104 328 124 1 0.490485 
277 1 306 25 1 0.489886 
324 87 345 106 1 0.479894 
224 245 262 263 1 0.444701 
206 128 243 171 1 0.418864 
71 374 99 386 1 0.406455 
223 201 247 218 1 0.391857 
363 220 384 252 1 0.369323 
242 74 264 96 1 0.363731 
311 225 351 267 1 0.323333 
